  0   0   0   0
  1  48  44  40
  2  44  40  36
  3  38  34  31
  4  47  42  38
  5  26  23  21
  6  32  29  26
  7  16  44  48
  8  12  32  40
  9  40  11  11
 10  44  12  12
 11  48   0   0
 12  42   0   0
 13  48  48  48
 14  22  20  18
 15  57  57  57
 16   9  24  30
 17  48  43  39
 18  38  34  31
 19  15  44  47
 20  30  27  24
 21   6  16  20
 22  16  40  32
 23   0  28  16
 24   0  20  12
 25  44  32   8
 26  32  20   8
 27  36  48  52
 28  20  36  44
 29   8  28  32
 30  12  12  12
 31  36  36  36
 32   0  12   0
 33  56  12  52
 34  44  37  33
 35  22  20  18
 36   0  48   8
 37  44  44  44
 38  18  16  15
 39   8  21  26
 40   7  18  22
 41  28  60  32
 42  30   0   0
 43  22   0   0
 44  16  24  24
 45  18  18  18
 46   8  24  36
 47  48  24  16
 48   0   2  22
 49  60  20  16
 50  32  24  20
 51   6  18  22
 52  44  12  12
 53  40  11  11
 54  20  28   8
 55   0  48  12
 56   0  12  32
 57   0   0   0
 58   0  48  48
 59   0   4  32
 60   0   0  44
 61   4   8  32
 62   0  60  20
 63   0  48  12
 64  16  16  16
 65   0   0   0
 66   0   0   0
 67   0   0   0
 68   0   0   0
 69   0   0   0
 70   0   0   0
 71   0   0   0
 72   0   0   0
 73   0   0   0
 74   0   0   0
 75   0   0   0
 76   0   0   0
 77   0   0   0
 78   0   0   0
 79   0   0   0
 80  15  44  47
 81  13  39  46
 82  10  33  46
 83   8  28  45
 84   6  21  45
 85   4  15  44
 86   2   8  44
 87   0   0  44
 88   0   0  39
 89   0   0  35
 90   0   0  31
 91   0   0  27
 92   0   0  23
 93   0   0  18
 94   0   0  14
 95   0   0  10
 96  57  57  57
 97  48  54  55
 98  41  52  53
 99  34  50  52
100  27  48  50
101  21  46  48
102  15  44  47
103   8  21  26
104   7  18  23
105   6  16  19
106   5  13  16
107   4  10  13
108   3   8  10
109   2   5   6
110   1   2   3
111   0   0   0
112  50  46  42
113  18   0   0
114   0   0   0
115   0   0   0
116   0   0   0
117   0   0   0
118   0   0   0
119   0   0   0
120   0   0   0
121   0   0   0
122   0   0   0
123   0   0   0
124   0   0   0
125   0   0   0
126   0   0   0
127   0   0   0
128  63  43  12
129  32  23   6
130   0   0   0
131   0   0   0
132   0   0   0
133   0   0   0
134   0   0   0
135   0   0   0
136   0   0   0
137   0   0   0
138   0   0   0
139   0   0   0
140   0   0   0
141   0   0   0
142   0   0   0
143   0   0   0
144   0   0   0
145   0   0   0
146   0   0   0
147   0   0   0
148   0   0   0
149   0   0   0
150   0   0   0
151   0   0   0
152   0   0   0
153   0   0   0
154   0   0   0
155   0   0   0
156   0   0   0
157   0   0   0
158   0   0   0
159   0   0   0
160   0   0   0
161   0   0   0
162   0   0   0
163   0   0   0
164   0   0   0
165   0   0   0
166   0   0   0
167   0   0   0
168   0   0   0
169   0   0   0
170   0   0   0
171   0   0   0
172   0   0   0
173   0   0   0
174   0   0   0
175   0   0   0
176   0   0   0
177   0   0   0
178   0   0   0
179   0   0   0
180   0   0   0
181   0   0   0
182   0   0   0
183   0   0   0
184   0   0   0
185   0   0   0
186   0   0   0
187   0   0   0
188   0   0   0
189   0   0   0
190   0   0   0
191   0   0   0
192   0   0   0
193   1   1   0
194   2   1   0
195   3   2   0
196   4   3   1
197   6   4   1
198   7   4   1
199   8   5   1
200   9   6   1
201  10   7   1
202  11   8   2
203  12   8   2
204  14   9   2
205  15  10   2
206  16  11   2
207  17  12   3
208  18  12   3
209  17  12   3
210  16  11   3
211  15  10   3
212  13   9   2
213  12   8   2
214  11   7   2
215  10   7   2
216   9   6   1
217   7   5   1
218   6   4   1
219   5   3   1
220   4   2   0
221   2   2   0
222   1   1   0
223   0   0   0
224   0   0   0
225   0   0   0
226   0   0   0
227   0   0   0
228   0   0   0
229   0   0   0
230   0   0   0
231   0   0   0
232   0   0   0
233   0   0   0
234   0   0   0
235   0   0   0
236   0   0   0
237   0   0   0
238   0   0   0
239   0   0   0
240   0   0   0
241   4   4   4
242   8   8   8
243  12  12  12
244  16  16  16
245  20  20  20
246  24  24  24
247  28  28  28
248  32  32  32
249  36  36  36
250  40  40  40
251  44  44  44
252  48  48  48
253  52  52  52
254  56  56  56
255  60  60  60
